25,200,3600
0.0,277.0,206.0,291.0,256.0,151.0,253.0,269.0,117.0,233.0,168.0,196.0,381.0,308.0,394.0,361.0,403.0,333.0,354.0,391.0,100.0,117.0,122.0,305.0,150.0,241.0
277.0,0.0,86.0,117.0,120.0,141.0,488.0,78.0,234.0,245.0,192.0,180.0,288.0,300.0,316.0,324.0,335.0,340.0,370.0,373.0,333.0,291.0,332.0,391.0,368.0,313.0
206.0,86.0,0.0,170.0,155.0,58.0,403.0,130.0,149.0,170.0,108.0,100.0,250.0,235.0,275.0,269.0,292.0,275.0,304.0,316.0,250.0,205.0,248.0,313.0,283.0,233.0
291.0,117.0,170.0,0.0,36.0,204.0,533.0,41.0,294.0,340.0,272.0,270.0,403.0,404.0,431.0,434.0,449.0,444.0,474.0,483.0,372.0,345.0,380.0,481.0,416.0,401.0
256.0,120.0,155.0,36.0,0.0,180.0,501.0,45.0,267.0,322.0,250.0,252.0,398.0,391.0,425.0,424.0,443.0,430.0,459.0,471.0,340.0,316.0,349.0,460.0,385.0,380.0
151.0,141.0,58.0,204.0,180.0,0.0,347.0,168.0,94.0,149.0,71.0,81.0,262.0,224.0,283.0,266.0,297.0,260.0,288.0,309.0,192.0,150.0,191.0,280.0,227.0,200.0
253.0,488.0,403.0,533.0,501.0,347.0,0.0,505.0,255.0,305.0,306.0,330.0,439.0,335.0,434.0,382.0,432.0,331.0,330.0,380.0,161.0,198.0,156.0,241.0,120.0,247.0
269.0,78.0,130.0,41.0,45.0,168.0,505.0,0.0,260.0,300.0,233.0,230.0,362.0,363.0,390.0,393.0,409.0,403.0,433.0,441.0,344.0,313.0,350.0,442.0,386.0,362.0
117.0,234.0,149.0,294.0,267.0,94.0,255.0,260.0,0.0,117.0,61.0,91.0,266.0,192.0,277.0,244.0,287.0,219.0,242.0,276.0,108.0,57.0,100.0,209.0,135.0,134.0
233.0,245.0,170.0,340.0,322.0,149.0,305.0,300.0,117.0,0.0,81.0,71.0,153.0,78.0,162.0,128.0,170.0,112.0,139.0,164.0,201.0,141.0,180.0,146.0,202.0,72.0
168.0,192.0,108.0,272.0,250.0,71.0,306.0,233.0,61.0,81.0,0.0,30.0,215.0,158.0,230.0,205.0,242.0,192.0,219.0,244.0,168.0,112.0,157.0,210.0,189.0,130.0
196.0,180.0,100.0,270.0,252.0,81.0,330.0,230.0,91.0,71.0,30.0,0.0,189.0,143.0,206.0,186.0,219.0,180.0,209.0,228.0,196.0,139.0,184.0,212.0,215.0,133.0
381.0,288.0,250.0,403.0,398.0,262.0,439.0,362.0,266.0,153.0,215.0,189.0,0.0,104.0,30.0,71.0,50.0,122.0,141.0,112.0,354.0,294.0,331.0,220.0,350.0,192.0
308.0,300.0,235.0,404.0,391.0,224.0,335.0,363.0,192.0,78.0,158.0,143.0,104.0,0.0,100.0,54.0,102.0,40.0,70.0,86.0,262.0,206.0,238.0,120.0,252.0,90.0
394.0,316.0,275.0,431.0,425.0,283.0,434.0,390.0,277.0,162.0,230.0,206.0,30.0,100.0,0.0,54.0,20.0,108.0,122.0,86.0,359.0,301.0,335.0,206.0,351.0,190.0
361.0,324.0,269.0,434.0,424.0,266.0,382.0,393.0,244.0,128.0,205.0,186.0,71.0,54.0,54.0,0.0,50.0,54.0,71.0,50.0,316.0,260.0,291.0,152.0,304.0,141.0
403.0,335.0,292.0,449.0,443.0,297.0,432.0,409.0,287.0,170.0,242.0,219.0,50.0,102.0,20.0,50.0,0.0,102.0,112.0,71.0,364.0,307.0,340.0,199.0,354.0,191.0
333.0,340.0,275.0,444.0,430.0,260.0,331.0,403.0,219.0,112.0,192.0,180.0,122.0,40.0,108.0,54.0,102.0,0.0,30.0,58.0,277.0,225.0,251.0,98.0,260.0,98.0
354.0,370.0,304.0,474.0,459.0,288.0,330.0,433.0,242.0,139.0,219.0,209.0,141.0,70.0,122.0,71.0,112.0,30.0,0.0,50.0,292.0,242.0,264.0,91.0,269.0,114.0
391.0,373.0,316.0,483.0,471.0,309.0,380.0,441.0,276.0,164.0,244.0,228.0,112.0,86.0,86.0,50.0,71.0,58.0,50.0,0.0,335.0,283.0,309.0,140.0,316.0,157.0
100.0,333.0,250.0,372.0,340.0,192.0,161.0,344.0,108.0,201.0,168.0,196.0,354.0,262.0,359.0,316.0,364.0,277.0,292.0,335.0,0.0,60.0,28.0,226.0,50.0,179.0
117.0,291.0,205.0,345.0,316.0,150.0,198.0,313.0,57.0,141.0,112.0,139.0,294.0,206.0,301.0,260.0,307.0,225.0,242.0,283.0,60.0,0.0,45.0,189.0,78.0,128.0
122.0,332.0,248.0,380.0,349.0,191.0,156.0,350.0,100.0,180.0,157.0,184.0,331.0,238.0,335.0,291.0,340.0,251.0,264.0,309.0,28.0,45.0,0.0,198.0,36.0,152.0
305.0,391.0,313.0,481.0,460.0,280.0,241.0,442.0,209.0,146.0,210.0,212.0,220.0,120.0,206.0,152.0,199.0,98.0,91.0,140.0,226.0,189.0,198.0,0.0,194.0,80.0
150.0,368.0,283.0,416.0,385.0,227.0,120.0,386.0,135.0,202.0,189.0,215.0,350.0,252.0,351.0,304.0,354.0,260.0,269.0,316.0,50.0,78.0,36.0,194.0,0.0,163.0
241.0,313.0,233.0,401.0,380.0,200.0,247.0,362.0,134.0,72.0,130.0,133.0,192.0,90.0,190.0,141.0,191.0,98.0,114.0,157.0,179.0,128.0,152.0,80.0,163.0,0.0
1,10
2,30
3,10
4,10
5,10
6,20
7,20
8,20
9,10
10,10
11,10
12,-120
13,30
14,10
15,40
16,-120
17,20
18,20
19,10
20,10
21,20
22,20
23,10
24,10
25,-120



