50,200,3600
0.0,277.0,206.0,291.0,256.0,151.0,253.0,269.0,117.0,233.0,168.0,196.0,381.0,308.0,394.0,361.0,403.0,333.0,354.0,391.0,100.0,117.0,122.0,305.0,150.0,241.0,342.0,171.0,363.0,200.0,206.0,335.0,316.0,335.0,324.0,381.0,354.0,393.0,412.0,403.0,322.0,187.0,193.0,166.0,310.0,224.0,257.0,180.0,108.0,310.0,228.0
277.0,0.0,86.0,117.0,120.0,141.0,488.0,78.0,234.0,245.0,192.0,180.0,288.0,300.0,316.0,324.0,335.0,340.0,370.0,373.0,333.0,291.0,332.0,391.0,368.0,313.0,459.0,370.0,520.0,406.0,377.0,580.0,547.0,562.0,533.0,617.0,558.0,610.0,627.0,600.0,592.0,462.0,470.0,443.0,585.0,501.0,531.0,457.0,385.0,551.0,502.0
206.0,86.0,0.0,170.0,155.0,58.0,403.0,130.0,149.0,170.0,108.0,100.0,250.0,235.0,275.0,269.0,292.0,275.0,304.0,316.0,250.0,205.0,248.0,313.0,283.0,233.0,379.0,284.0,437.0,320.0,292.0,495.0,461.0,476.0,447.0,532.0,472.0,524.0,541.0,515.0,528.0,393.0,398.0,370.0,517.0,427.0,463.0,381.0,313.0,501.0,425.0
291.0,117.0,170.0,0.0,36.0,204.0,533.0,41.0,294.0,340.0,272.0,270.0,403.0,404.0,431.0,434.0,449.0,444.0,474.0,483.0,372.0,345.0,380.0,481.0,416.0,401.0,545.0,425.0,597.0,461.0,443.0,621.0,595.0,613.0,591.0,664.0,618.0,666.0,684.0,665.0,572.0,458.0,470.0,447.0,575.0,504.0,522.0,467.0,389.0,510.0,516.0
256.0,120.0,155.0,36.0,0.0,180.0,501.0,45.0,267.0,322.0,250.0,252.0,398.0,391.0,425.0,424.0,443.0,430.0,459.0,471.0,340.0,316.0,349.0,460.0,385.0,380.0,522.0,396.0,571.0,431.0,415.0,588.0,564.0,581.0,561.0,631.0,589.0,636.0,654.0,636.0,537.0,422.0,434.0,411.0,539.0,469.0,485.0,431.0,354.0,475.0,481.0
151.0,141.0,58.0,204.0,180.0,0.0,347.0,168.0,94.0,149.0,71.0,81.0,262.0,224.0,283.0,266.0,297.0,260.0,288.0,309.0,192.0,150.0,191.0,280.0,227.0,200.0,341.0,230.0,393.0,266.0,242.0,439.0,406.0,422.0,394.0,476.0,421.0,472.0,489.0,465.0,474.0,337.0,342.0,313.0,461.0,370.0,408.0,323.0,257.0,454.0,367.0
253.0,488.0,403.0,533.0,501.0,347.0,0.0,505.0,255.0,305.0,306.0,330.0,439.0,335.0,434.0,382.0,432.0,331.0,330.0,380.0,161.0,198.0,156.0,241.0,120.0,247.0,215.0,122.0,177.0,89.0,136.0,92.0,63.0,82.0,85.0,130.0,114.0,141.0,161.0,163.0,312.0,215.0,197.0,184.0,272.0,184.0,248.0,157.0,201.0,388.0,141.0
269.0,78.0,130.0,41.0,45.0,168.0,505.0,0.0,260.0,300.0,233.0,230.0,362.0,363.0,390.0,393.0,409.0,403.0,433.0,441.0,344.0,313.0,350.0,442.0,386.0,362.0,506.0,394.0,560.0,429.0,409.0,594.0,566.0,583.0,559.0,635.0,586.0,635.0,653.0,632.0,565.0,444.0,455.0,430.0,564.0,488.0,510.0,448.0,372.0,510.0,497.0
117.0,234.0,149.0,294.0,267.0,94.0,255.0,260.0,0.0,117.0,61.0,91.0,266.0,192.0,277.0,244.0,287.0,219.0,242.0,276.0,108.0,57.0,100.0,209.0,135.0,134.0,261.0,136.0,304.0,172.0,149.0,347.0,312.0,328.0,300.0,383.0,326.0,377.0,394.0,372.0,420.0,280.0,280.0,250.0,400.0,303.0,350.0,253.0,201.0,424.0,291.0
233.0,245.0,170.0,340.0,322.0,149.0,305.0,300.0,117.0,0.0,81.0,71.0,153.0,78.0,162.0,128.0,170.0,112.0,139.0,164.0,201.0,141.0,180.0,146.0,202.0,72.0,215.0,187.0,283.0,215.0,170.0,394.0,350.0,361.0,320.0,419.0,340.0,397.0,410.0,375.0,526.0,386.0,383.0,354.0,502.0,400.0,454.0,351.0,310.0,539.0,381.0
168.0,192.0,108.0,272.0,250.0,71.0,306.0,233.0,61.0,81.0,0.0,30.0,215.0,158.0,230.0,205.0,242.0,192.0,219.0,244.0,168.0,112.0,157.0,210.0,189.0,130.0,273.0,184.0,329.0,219.0,186.0,398.0,361.0,375.0,342.0,431.0,366.0,420.0,436.0,408.0,480.0,340.0,341.0,311.0,461.0,363.0,410.0,314.0,260.0,478.0,352.0
196.0,180.0,100.0,270.0,252.0,81.0,330.0,230.0,91.0,71.0,30.0,0.0,189.0,143.0,206.0,186.0,219.0,180.0,209.0,228.0,196.0,139.0,184.0,212.0,215.0,133.0,279.0,208.0,340.0,242.0,205.0,422.0,383.0,396.0,361.0,453.0,384.0,439.0,455.0,424.0,510.0,370.0,371.0,341.0,491.0,393.0,440.0,344.0,290.0,507.0,381.0
381.0,288.0,250.0,403.0,398.0,262.0,439.0,362.0,266.0,153.0,215.0,189.0,0.0,104.0,30.0,71.0,50.0,122.0,141.0,112.0,354.0,294.0,331.0,220.0,350.0,192.0,286.0,331.0,366.0,354.0,304.0,522.0,474.0,481.0,435.0,539.0,447.0,505.0,515.0,472.0,679.0,539.0,536.0,506.0,654.0,552.0,607.0,502.0,463.0,689.0,530.0
308.0,300.0,235.0,404.0,391.0,224.0,335.0,363.0,192.0,78.0,158.0,143.0,104.0,0.0,100.0,54.0,102.0,40.0,70.0,86.0,262.0,206.0,238.0,120.0,252.0,90.0,191.0,230.0,269.0,251.0,201.0,418.0,370.0,377.0,331.0,435.0,345.0,403.0,413.0,372.0,587.0,449.0,444.0,415.0,559.0,457.0,514.0,408.0,377.0,608.0,432.0
394.0,316.0,275.0,431.0,425.0,283.0,434.0,390.0,277.0,162.0,230.0,206.0,30.0,100.0,0.0,54.0,20.0,108.0,122.0,86.0,359.0,301.0,335.0,206.0,351.0,190.0,269.0,330.0,350.0,351.0,301.0,514.0,466.0,471.0,424.0,528.0,435.0,492.0,501.0,457.0,684.0,546.0,541.0,512.0,658.0,556.0,612.0,506.0,471.0,700.0,532.0
361.0,324.0,269.0,434.0,424.0,266.0,382.0,393.0,244.0,128.0,205.0,186.0,71.0,54.0,54.0,0.0,50.0,54.0,71.0,50.0,316.0,260.0,291.0,152.0,304.0,141.0,216.0,282.0,297.0,300.0,250.0,461.0,412.0,418.0,370.0,474.0,381.0,439.0,447.0,403.0,640.0,503.0,497.0,468.0,612.0,510.0,568.0,461.0,431.0,662.0,484.0
403.0,335.0,292.0,449.0,443.0,297.0,432.0,409.0,287.0,170.0,242.0,219.0,50.0,102.0,20.0,50.0,0.0,102.0,112.0,71.0,364.0,307.0,340.0,199.0,354.0,191.0,259.0,331.0,340.0,350.0,300.0,510.0,461.0,466.0,418.0,522.0,427.0,485.0,492.0,447.0,689.0,551.0,546.0,517.0,661.0,559.0,616.0,510.0,478.0,708.0,533.0
333.0,340.0,275.0,444.0,430.0,260.0,331.0,403.0,219.0,112.0,192.0,180.0,122.0,40.0,108.0,54.0,102.0,0.0,30.0,58.0,277.0,225.0,251.0,98.0,260.0,98.0,164.0,235.0,244.0,251.0,201.0,408.0,359.0,364.0,316.0,421.0,327.0,385.0,394.0,350.0,598.0,462.0,455.0,427.0,568.0,466.0,525.0,418.0,394.0,626.0,437.0
354.0,370.0,304.0,474.0,459.0,288.0,330.0,433.0,242.0,139.0,219.0,209.0,141.0,70.0,122.0,71.0,112.0,30.0,0.0,50.0,292.0,242.0,264.0,91.0,269.0,114.0,148.0,244.0,228.0,255.0,206.0,403.0,354.0,357.0,308.0,412.0,316.0,373.0,381.0,335.0,607.0,474.0,466.0,439.0,576.0,474.0,535.0,427.0,408.0,641.0,444.0
391.0,373.0,316.0,483.0,471.0,309.0,380.0,441.0,276.0,164.0,244.0,228.0,112.0,86.0,86.0,50.0,71.0,58.0,50.0,0.0,335.0,283.0,309.0,140.0,316.0,157.0,193.0,291.0,273.0,304.0,255.0,453.0,403.0,406.0,357.0,461.0,364.0,421.0,427.0,381.0,655.0,520.0,513.0,485.0,624.0,522.0,582.0,474.0,452.0,685.0,492.0
100.0,333.0,250.0,372.0,340.0,192.0,161.0,344.0,108.0,201.0,168.0,196.0,354.0,262.0,359.0,316.0,364.0,277.0,292.0,335.0,0.0,60.0,28.0,226.0,50.0,179.0,251.0,73.0,265.0,100.0,112.0,250.0,224.0,242.0,226.0,292.0,255.0,297.0,316.0,304.0,326.0,187.0,182.0,153.0,301.0,200.0,253.0,150.0,117.0,350.0,184.0
117.0,291.0,205.0,345.0,316.0,150.0,198.0,313.0,57.0,141.0,112.0,139.0,294.0,206.0,301.0,260.0,307.0,225.0,242.0,283.0,60.0,0.0,45.0,189.0,78.0,128.0,228.0,81.0,260.0,117.0,100.0,290.0,256.0,272.0,246.0,326.0,273.0,322.0,340.0,320.0,385.0,245.0,242.0,212.0,361.0,260.0,313.0,210.0,171.0,402.0,243.0
122.0,332.0,248.0,380.0,349.0,191.0,156.0,350.0,100.0,180.0,157.0,184.0,331.0,238.0,335.0,291.0,340.0,251.0,264.0,309.0,28.0,45.0,0.0,198.0,36.0,152.0,224.0,50.0,242.0,82.0,85.0,248.0,216.0,233.0,212.0,286.0,240.0,286.0,305.0,289.0,349.0,212.0,206.0,177.0,322.0,221.0,277.0,171.0,144.0,377.0,201.0
305.0,391.0,313.0,481.0,460.0,280.0,241.0,442.0,209.0,146.0,210.0,212.0,220.0,120.0,206.0,152.0,199.0,98.0,91.0,140.0,226.0,189.0,198.0,0.0,194.0,80.0,72.0,166.0,149.0,171.0,125.0,313.0,263.0,267.0,218.0,323.0,228.0,286.0,295.0,252.0,528.0,400.0,389.0,364.0,494.0,394.0,456.0,349.0,341.0,572.0,361.0
150.0,368.0,283.0,416.0,385.0,227.0,120.0,386.0,135.0,202.0,189.0,215.0,350.0,252.0,351.0,304.0,354.0,260.0,269.0,316.0,50.0,78.0,36.0,194.0,0.0,163.0,208.0,28.0,216.0,50.0,71.0,212.0,180.0,197.0,177.0,250.0,206.0,251.0,269.0,255.0,338.0,206.0,197.0,170.0,308.0,206.0,266.0,158.0,149.0,378.0,180.0
241.0,313.0,233.0,401.0,380.0,200.0,247.0,362.0,134.0,72.0,130.0,133.0,192.0,90.0,190.0,141.0,191.0,98.0,114.0,157.0,179.0,128.0,152.0,80.0,163.0,0.0,146.0,140.0,211.0,161.0,112.0,332.0,286.0,295.0,252.0,354.0,270.0,328.0,341.0,304.0,500.0,364.0,357.0,329.0,471.0,369.0,427.0,320.0,295.0,528.0,342.0
342.0,459.0,379.0,545.0,522.0,341.0,215.0,506.0,261.0,215.0,273.0,279.0,286.0,191.0,269.0,216.0,259.0,164.0,148.0,193.0,251.0,228.0,224.0,72.0,208.0,146.0,0.0,180.0,81.0,170.0,139.0,271.0,221.0,220.0,170.0,272.0,173.0,228.0,234.0,188.0,522.0,404.0,391.0,368.0,484.0,388.0,452.0,348.0,356.0,580.0,350.0
171.0,370.0,284.0,425.0,396.0,230.0,122.0,394.0,136.0,187.0,184.0,208.0,331.0,230.0,330.0,282.0,331.0,235.0,244.0,291.0,73.0,81.0,50.0,166.0,28.0,140.0,180.0,0.0,192.0,36.0,42.0,214.0,177.0,192.0,166.0,248.0,193.0,242.0,259.0,240.0,364.0,233.0,224.0,197.0,332.0,231.0,292.0,184.0,177.0,406.0,202.0
363.0,520.0,437.0,597.0,571.0,393.0,177.0,560.0,304.0,283.0,329.0,340.0,366.0,269.0,350.0,297.0,340.0,244.0,228.0,273.0,265.0,260.0,242.0,149.0,216.0,211.0,81.0,192.0,0.0,168.0,160.0,209.0,162.0,155.0,108.0,200.0,100.0,151.0,155.0,108.0,489.0,386.0,370.0,352.0,448.0,361.0,424.0,328.0,353.0,562.0,318.0
200.0,406.0,320.0,461.0,431.0,266.0,89.0,429.0,172.0,215.0,219.0,242.0,354.0,251.0,351.0,300.0,350.0,251.0,255.0,304.0,100.0,117.0,82.0,171.0,50.0,161.0,170.0,36.0,168.0,0.0,50.0,180.0,141.0,156.0,130.0,212.0,158.0,206.0,224.0,206.0,358.0,234.0,222.0,198.0,323.0,224.0,287.0,180.0,189.0,410.0,190.0
206.0,377.0,292.0,443.0,415.0,242.0,136.0,409.0,149.0,170.0,186.0,205.0,304.0,201.0,301.0,250.0,300.0,201.0,206.0,255.0,112.0,100.0,85.0,125.0,71.0,112.0,139.0,42.0,160.0,50.0,0.0,224.0,180.0,192.0,156.0,250.0,180.0,234.0,250.0,224.0,403.0,275.0,264.0,239.0,370.0,269.0,331.0,224.0,219.0,448.0,238.0
335.0,580.0,495.0,621.0,588.0,439.0,92.0,594.0,347.0,394.0,398.0,422.0,522.0,418.0,514.0,461.0,510.0,408.0,403.0,453.0,250.0,290.0,248.0,313.0,212.0,332.0,271.0,214.0,209.0,180.0,224.0,0.0,50.0,54.0,102.0,50.0,112.0,94.0,112.0,141.0,311.0,252.0,232.0,230.0,266.0,206.0,260.0,200.0,265.0,409.0,163.0
316.0,547.0,461.0,595.0,564.0,406.0,63.0,566.0,312.0,350.0,361.0,383.0,474.0,370.0,466.0,412.0,461.0,359.0,354.0,403.0,224.0,256.0,216.0,263.0,180.0,286.0,221.0,177.0,162.0,141.0,180.0,50.0,0.0,20.0,54.0,71.0,71.0,80.0,100.0,112.0,341.0,262.0,244.0,235.0,297.0,224.0,283.0,206.0,260.0,429.0,179.0
335.0,562.0,476.0,613.0,581.0,422.0,82.0,583.0,328.0,361.0,375.0,396.0,481.0,377.0,471.0,418.0,466.0,364.0,357.0,406.0,242.0,272.0,233.0,267.0,197.0,295.0,220.0,192.0,155.0,156.0,192.0,54.0,20.0,0.0,50.0,58.0,58.0,60.0,80.0,94.0,356.0,282.0,262.0,255.0,312.0,242.0,300.0,226.0,280.0,447.0,197.0
324.0,533.0,447.0,591.0,561.0,394.0,85.0,559.0,300.0,320.0,342.0,361.0,435.0,331.0,424.0,370.0,418.0,316.0,308.0,357.0,226.0,246.0,212.0,218.0,177.0,252.0,170.0,166.0,108.0,130.0,156.0,102.0,54.0,50.0,0.0,104.0,30.0,78.0,94.0,80.0,389.0,300.0,282.0,269.0,347.0,266.0,328.0,242.0,284.0,472.0,222.0
381.0,617.0,532.0,664.0,631.0,476.0,130.0,635.0,383.0,419.0,431.0,453.0,539.0,435.0,528.0,474.0,522.0,421.0,412.0,461.0,292.0,326.0,286.0,323.0,250.0,354.0,272.0,248.0,200.0,212.0,250.0,50.0,71.0,58.0,104.0,0.0,100.0,58.0,71.0,112.0,354.0,301.0,282.0,280.0,309.0,255.0,307.0,250.0,314.0,455.0,212.0
354.0,558.0,472.0,618.0,589.0,421.0,114.0,586.0,326.0,340.0,366.0,384.0,447.0,345.0,435.0,381.0,427.0,327.0,316.0,364.0,255.0,273.0,240.0,228.0,206.0,270.0,173.0,193.0,100.0,158.0,180.0,112.0,71.0,58.0,30.0,100.0,0.0,58.0,71.0,50.0,411.0,327.0,309.0,297.0,368.0,292.0,352.0,269.0,314.0,497.0,247.0
393.0,610.0,524.0,666.0,636.0,472.0,141.0,635.0,377.0,397.0,420.0,439.0,505.0,403.0,492.0,439.0,485.0,385.0,373.0,421.0,297.0,322.0,286.0,286.0,251.0,328.0,228.0,242.0,151.0,206.0,234.0,94.0,80.0,60.0,78.0,58.0,58.0,0.0,20.0,54.0,405.0,340.0,320.0,314.0,361.0,297.0,353.0,284.0,340.0,502.0,253.0
412.0,627.0,541.0,684.0,654.0,489.0,161.0,653.0,394.0,410.0,436.0,455.0,515.0,413.0,501.0,447.0,492.0,394.0,381.0,427.0,316.0,340.0,305.0,295.0,269.0,341.0,234.0,259.0,155.0,224.0,250.0,112.0,100.0,80.0,94.0,71.0,71.0,20.0,0.0,50.0,422.0,359.0,340.0,334.0,377.0,316.0,372.0,304.0,360.0,520.0,272.0
403.0,600.0,515.0,665.0,636.0,465.0,163.0,632.0,372.0,375.0,408.0,424.0,472.0,372.0,457.0,403.0,447.0,350.0,335.0,381.0,304.0,320.0,289.0,252.0,255.0,304.0,188.0,240.0,108.0,206.0,224.0,141.0,112.0,94.0,80.0,112.0,50.0,54.0,50.0,0.0,450.0,373.0,355.0,345.0,406.0,335.0,394.0,316.0,363.0,541.0,291.0
322.0,592.0,528.0,572.0,537.0,474.0,312.0,565.0,420.0,526.0,480.0,510.0,679.0,587.0,684.0,640.0,689.0,598.0,607.0,655.0,326.0,385.0,349.0,528.0,338.0,500.0,522.0,364.0,489.0,358.0,403.0,311.0,341.0,356.0,389.0,354.0,411.0,405.0,422.0,450.0,0.0,140.0,143.0,173.0,45.0,134.0,73.0,180.0,220.0,122.0,172.0
187.0,462.0,393.0,458.0,422.0,337.0,215.0,444.0,280.0,386.0,340.0,370.0,539.0,449.0,546.0,503.0,551.0,462.0,474.0,520.0,187.0,245.0,212.0,400.0,206.0,364.0,404.0,233.0,386.0,234.0,275.0,252.0,262.0,282.0,300.0,301.0,327.0,340.0,359.0,373.0,140.0,0.0,20.0,36.0,124.0,54.0,71.0,58.0,81.0,177.0,90.0
193.0,470.0,398.0,470.0,434.0,342.0,197.0,455.0,280.0,383.0,341.0,371.0,536.0,444.0,541.0,497.0,546.0,455.0,466.0,513.0,182.0,242.0,206.0,389.0,197.0,357.0,391.0,224.0,370.0,222.0,264.0,232.0,244.0,262.0,282.0,282.0,309.0,320.0,340.0,355.0,143.0,20.0,0.0,30.0,120.0,36.0,71.0,42.0,85.0,192.0,70.0
166.0,443.0,370.0,447.0,411.0,313.0,184.0,430.0,250.0,354.0,311.0,341.0,506.0,415.0,512.0,468.0,517.0,427.0,439.0,485.0,153.0,212.0,177.0,364.0,170.0,329.0,368.0,197.0,352.0,198.0,239.0,230.0,235.0,255.0,269.0,280.0,297.0,314.0,334.0,345.0,173.0,36.0,30.0,0.0,150.0,58.0,100.0,30.0,58.0,212.0,76.0
310.0,585.0,517.0,575.0,539.0,461.0,272.0,564.0,400.0,502.0,461.0,491.0,654.0,559.0,658.0,612.0,661.0,568.0,576.0,624.0,301.0,361.0,322.0,494.0,308.0,471.0,484.0,332.0,448.0,323.0,370.0,266.0,297.0,312.0,347.0,309.0,368.0,361.0,377.0,406.0,45.0,124.0,120.0,150.0,0.0,102.0,54.0,151.0,204.0,160.0,134.0
224.0,501.0,427.0,504.0,469.0,370.0,184.0,488.0,303.0,400.0,363.0,393.0,552.0,457.0,556.0,510.0,559.0,466.0,474.0,522.0,200.0,260.0,221.0,394.0,206.0,369.0,388.0,231.0,361.0,224.0,269.0,206.0,224.0,242.0,266.0,255.0,292.0,297.0,316.0,335.0,134.0,54.0,36.0,58.0,102.0,0.0,64.0,50.0,117.0,206.0,45.0
257.0,531.0,463.0,522.0,485.0,408.0,248.0,510.0,350.0,454.0,410.0,440.0,607.0,514.0,612.0,568.0,616.0,525.0,535.0,582.0,253.0,313.0,277.0,456.0,266.0,427.0,452.0,292.0,424.0,287.0,331.0,260.0,283.0,300.0,328.0,307.0,352.0,353.0,372.0,394.0,73.0,71.0,71.0,100.0,54.0,64.0,0.0,108.0,151.0,149.0,106.0
180.0,457.0,381.0,467.0,431.0,323.0,157.0,448.0,253.0,351.0,314.0,344.0,502.0,408.0,506.0,461.0,510.0,418.0,427.0,474.0,150.0,210.0,171.0,349.0,158.0,320.0,348.0,184.0,328.0,180.0,224.0,200.0,206.0,226.0,242.0,250.0,269.0,284.0,304.0,316.0,180.0,58.0,42.0,30.0,151.0,50.0,108.0,0.0,78.0,234.0,50.0
108.0,385.0,313.0,389.0,354.0,257.0,201.0,372.0,201.0,310.0,260.0,290.0,463.0,377.0,471.0,431.0,478.0,394.0,408.0,452.0,117.0,171.0,144.0,341.0,149.0,295.0,356.0,177.0,353.0,189.0,219.0,265.0,260.0,280.0,284.0,314.0,314.0,340.0,360.0,363.0,220.0,81.0,85.0,58.0,204.0,117.0,151.0,78.0,0.0,233.0,128.0
310.0,551.0,501.0,510.0,475.0,454.0,388.0,510.0,424.0,539.0,478.0,507.0,689.0,608.0,700.0,662.0,708.0,626.0,641.0,685.0,350.0,402.0,377.0,572.0,378.0,528.0,580.0,406.0,562.0,410.0,448.0,409.0,429.0,447.0,472.0,455.0,497.0,502.0,520.0,541.0,122.0,177.0,192.0,212.0,160.0,206.0,149.0,234.0,233.0,0.0,251.0
228.0,502.0,425.0,516.0,481.0,367.0,141.0,497.0,291.0,381.0,352.0,381.0,530.0,432.0,532.0,484.0,533.0,437.0,444.0,492.0,184.0,243.0,201.0,361.0,180.0,342.0,350.0,202.0,318.0,190.0,238.0,163.0,179.0,197.0,222.0,212.0,247.0,253.0,272.0,291.0,172.0,90.0,70.0,76.0,134.0,45.0,106.0,50.0,128.0,251.0,0.0
1,10
2,30
3,-125
4,10
5,10
6,20
7,20
8,20
9,-125
10,10
11,10
12,20
13,-125
14,10
15,40
16,-125
17,20
18,20
19,10
20,10
21,20
22,20
23,10
24,10
25,40
26,10
27,10
28,20
29,10
30,10
31,20
32,30
33,40
34,-100
35,10
36,10
37,-130
38,30
39,20
40,10
41,10
42,20
43,10
44,10
45,10
46,30
47,10
48,10
49,10
50,10

