25,200,3600
0.0,381.0,308.0,394.0,361.0,403.0,333.0,354.0,391.0,335.0,316.0,335.0,324.0,381.0,354.0,393.0,412.0,403.0,452.0,400.0,351.0,450.0,350.0,450.0,351.0,453.0
381.0,0.0,104.0,30.0,71.0,50.0,122.0,141.0,112.0,522.0,474.0,481.0,435.0,539.0,447.0,505.0,515.0,472.0,822.0,769.0,720.0,814.0,716.0,810.0,712.0,806.0
308.0,104.0,0.0,100.0,54.0,102.0,40.0,70.0,86.0,418.0,370.0,377.0,331.0,435.0,345.0,403.0,413.0,372.0,734.0,680.0,632.0,723.0,626.0,718.0,621.0,712.0
394.0,30.0,100.0,0.0,54.0,20.0,108.0,122.0,86.0,514.0,466.0,471.0,424.0,528.0,435.0,492.0,501.0,457.0,830.0,776.0,728.0,820.0,723.0,816.0,718.0,810.0
361.0,71.0,54.0,54.0,0.0,50.0,54.0,71.0,50.0,461.0,412.0,418.0,370.0,474.0,381.0,439.0,447.0,403.0,787.0,734.0,686.0,776.0,680.0,771.0,674.0,765.0
403.0,50.0,102.0,20.0,50.0,0.0,102.0,112.0,71.0,510.0,461.0,466.0,418.0,522.0,427.0,485.0,492.0,447.0,835.0,782.0,734.0,825.0,728.0,820.0,723.0,814.0
333.0,122.0,40.0,108.0,54.0,102.0,0.0,30.0,58.0,408.0,359.0,364.0,316.0,421.0,327.0,385.0,394.0,350.0,747.0,693.0,646.0,734.0,639.0,728.0,632.0,720.0
354.0,141.0,70.0,122.0,71.0,112.0,30.0,0.0,50.0,403.0,354.0,357.0,308.0,412.0,316.0,373.0,381.0,335.0,758.0,704.0,658.0,743.0,650.0,737.0,643.0,728.0
391.0,112.0,86.0,86.0,50.0,71.0,58.0,50.0,0.0,453.0,403.0,406.0,357.0,461.0,364.0,421.0,427.0,381.0,804.0,750.0,704.0,791.0,696.0,784.0,689.0,776.0
335.0,522.0,418.0,514.0,461.0,510.0,408.0,403.0,453.0,0.0,50.0,54.0,102.0,50.0,112.0,94.0,112.0,141.0,453.0,406.0,377.0,424.0,361.0,410.0,344.0,391.0
316.0,474.0,370.0,466.0,412.0,461.0,359.0,354.0,403.0,50.0,0.0,20.0,54.0,71.0,71.0,80.0,100.0,112.0,488.0,439.0,406.0,461.0,391.0,448.0,375.0,430.0
335.0,481.0,377.0,471.0,418.0,466.0,364.0,357.0,406.0,54.0,20.0,0.0,50.0,58.0,58.0,60.0,80.0,94.0,502.0,453.0,422.0,474.0,406.0,461.0,391.0,442.0
324.0,435.0,331.0,424.0,370.0,418.0,316.0,308.0,357.0,102.0,54.0,50.0,0.0,104.0,30.0,78.0,94.0,80.0,538.0,488.0,453.0,512.0,439.0,500.0,424.0,483.0
381.0,539.0,435.0,528.0,474.0,522.0,421.0,412.0,461.0,50.0,71.0,58.0,104.0,0.0,100.0,58.0,71.0,112.0,492.0,447.0,421.0,461.0,403.0,446.0,386.0,424.0
354.0,447.0,345.0,435.0,381.0,427.0,327.0,316.0,364.0,112.0,71.0,58.0,30.0,100.0,0.0,58.0,71.0,50.0,559.0,509.0,476.0,532.0,461.0,519.0,446.0,500.0
393.0,505.0,403.0,492.0,439.0,485.0,385.0,373.0,421.0,94.0,80.0,60.0,78.0,58.0,58.0,0.0,20.0,54.0,547.0,500.0,472.0,517.0,455.0,502.0,438.0,481.0
412.0,515.0,413.0,501.0,447.0,492.0,394.0,381.0,427.0,112.0,100.0,80.0,94.0,71.0,71.0,20.0,0.0,50.0,562.0,516.0,489.0,532.0,472.0,517.0,455.0,495.0
403.0,472.0,372.0,457.0,403.0,447.0,350.0,335.0,381.0,141.0,112.0,94.0,80.0,112.0,50.0,54.0,50.0,0.0,595.0,547.0,516.0,566.0,500.0,552.0,484.0,532.0
452.0,822.0,734.0,830.0,787.0,835.0,747.0,758.0,804.0,453.0,488.0,502.0,538.0,492.0,559.0,547.0,562.0,595.0,0.0,54.0,102.0,40.0,108.0,60.0,117.0,90.0
400.0,769.0,680.0,776.0,734.0,782.0,693.0,704.0,750.0,406.0,439.0,453.0,488.0,447.0,509.0,500.0,516.0,547.0,54.0,0.0,50.0,54.0,54.0,64.0,64.0,86.0
351.0,720.0,632.0,728.0,686.0,734.0,646.0,658.0,704.0,377.0,406.0,422.0,453.0,421.0,476.0,472.0,489.0,516.0,102.0,50.0,0.0,102.0,20.0,108.0,40.0,122.0
450.0,814.0,723.0,820.0,776.0,825.0,734.0,743.0,791.0,424.0,461.0,474.0,512.0,461.0,532.0,517.0,532.0,566.0,40.0,54.0,102.0,0.0,100.0,20.0,102.0,50.0
350.0,716.0,626.0,723.0,680.0,728.0,639.0,650.0,696.0,361.0,391.0,406.0,439.0,403.0,461.0,455.0,472.0,500.0,108.0,54.0,20.0,100.0,0.0,102.0,20.0,112.0
450.0,810.0,718.0,816.0,771.0,820.0,728.0,737.0,784.0,410.0,448.0,461.0,500.0,446.0,519.0,502.0,517.0,552.0,60.0,64.0,108.0,20.0,102.0,0.0,100.0,30.0
351.0,712.0,621.0,718.0,674.0,723.0,632.0,643.0,689.0,344.0,375.0,391.0,424.0,386.0,446.0,438.0,455.0,484.0,117.0,64.0,40.0,102.0,20.0,100.0,0.0,104.0
453.0,806.0,712.0,810.0,765.0,814.0,720.0,728.0,776.0,391.0,430.0,442.0,483.0,424.0,500.0,481.0,495.0,532.0,90.0,86.0,122.0,50.0,112.0,30.0,104.0,0.0
1,20
2,30
3,10
4,40
5,20
6,20
7,20
8,10
9,20
10,30
11,-150
12,20
13,10
14,10
15,20
16,20
17,20
18,-150
19,40
20,10
21,10
22,-140
23,30
24,10
25,20
