50,200,3600
0.0,381.0,308.0,394.0,361.0,403.0,333.0,354.0,391.0,335.0,316.0,335.0,324.0,381.0,354.0,393.0,412.0,403.0,452.0,400.0,351.0,450.0,350.0,450.0,351.0,453.0,585.0,570.0,557.0,522.0,520.0,503.0,511.0,515.0,474.0,442.0,430.0,406.0,372.0,361.0,403.0,308.0,335.0,381.0,353.0,377.0,372.0,383.0,450.0,381.0,353.0
381.0,0.0,104.0,30.0,71.0,50.0,122.0,141.0,112.0,522.0,474.0,481.0,435.0,539.0,447.0,505.0,515.0,472.0,822.0,769.0,720.0,814.0,716.0,810.0,712.0,806.0,890.0,860.0,867.0,820.0,836.0,804.0,829.0,849.0,781.0,420.0,400.0,401.0,373.0,354.0,350.0,345.0,304.0,300.0,301.0,58.0,86.0,461.0,818.0,750.0,686.0
308.0,104.0,0.0,100.0,54.0,102.0,40.0,70.0,86.0,418.0,370.0,377.0,331.0,435.0,345.0,403.0,413.0,372.0,734.0,680.0,632.0,723.0,626.0,718.0,621.0,712.0,858.0,832.0,832.0,789.0,799.0,772.0,791.0,804.0,746.0,461.0,441.0,436.0,403.0,383.0,393.0,360.0,334.0,345.0,337.0,73.0,64.0,361.0,728.0,661.0,640.0
394.0,30.0,100.0,0.0,54.0,20.0,108.0,122.0,86.0,514.0,466.0,471.0,424.0,528.0,435.0,492.0,501.0,457.0,830.0,776.0,728.0,820.0,723.0,816.0,718.0,810.0,914.0,885.0,890.0,844.0,859.0,828.0,851.0,870.0,804.0,450.0,430.0,431.0,403.0,383.0,380.0,374.0,334.0,330.0,331.0,36.0,64.0,447.0,825.0,757.0,707.0
361.0,71.0,54.0,54.0,0.0,50.0,54.0,71.0,50.0,461.0,412.0,418.0,370.0,474.0,381.0,439.0,447.0,403.0,787.0,734.0,686.0,776.0,680.0,771.0,674.0,765.0,901.0,875.0,877.0,832.0,844.0,815.0,836.0,851.0,791.0,473.0,453.0,450.0,420.0,400.0,403.0,383.0,350.0,354.0,351.0,20.0,20.0,394.0,782.0,715.0,688.0
403.0,50.0,102.0,20.0,50.0,0.0,102.0,112.0,71.0,510.0,461.0,466.0,418.0,522.0,427.0,485.0,492.0,447.0,835.0,782.0,734.0,825.0,728.0,820.0,723.0,814.0,930.0,901.0,906.0,860.0,875.0,844.0,867.0,885.0,820.0,470.0,450.0,451.0,423.0,403.0,400.0,393.0,354.0,350.0,351.0,30.0,54.0,439.0,830.0,762.0,721.0
333.0,122.0,40.0,108.0,54.0,102.0,0.0,30.0,58.0,408.0,359.0,364.0,316.0,421.0,327.0,385.0,394.0,350.0,747.0,693.0,646.0,734.0,639.0,728.0,632.0,720.0,892.0,868.0,866.0,824.0,832.0,806.0,824.0,836.0,780.0,500.0,481.0,475.0,443.0,423.0,432.0,400.0,373.0,383.0,377.0,73.0,50.0,340.0,740.0,674.0,672.0
354.0,141.0,70.0,122.0,71.0,112.0,30.0,0.0,50.0,403.0,354.0,357.0,308.0,412.0,316.0,373.0,381.0,335.0,758.0,704.0,658.0,743.0,650.0,737.0,643.0,728.0,918.0,894.0,892.0,850.0,858.0,832.0,849.0,860.0,806.0,530.0,510.0,505.0,473.0,453.0,461.0,430.0,403.0,412.0,406.0,86.0,58.0,327.0,750.0,685.0,696.0
391.0,112.0,86.0,86.0,50.0,71.0,58.0,50.0,0.0,453.0,403.0,406.0,357.0,461.0,364.0,421.0,427.0,381.0,804.0,750.0,704.0,791.0,696.0,784.0,689.0,776.0,943.0,918.0,918.0,875.0,885.0,858.0,877.0,890.0,832.0,522.0,502.0,500.0,470.0,450.0,453.0,433.0,400.0,403.0,400.0,54.0,30.0,373.0,797.0,732.0,726.0
335.0,522.0,418.0,514.0,461.0,510.0,408.0,403.0,453.0,0.0,50.0,54.0,102.0,50.0,112.0,94.0,112.0,141.0,453.0,406.0,377.0,424.0,361.0,410.0,344.0,391.0,851.0,850.0,822.0,800.0,782.0,780.0,772.0,757.0,750.0,758.0,743.0,723.0,688.0,673.0,707.0,625.0,636.0,673.0,651.0,481.0,457.0,128.0,439.0,394.0,620.0
316.0,474.0,370.0,466.0,412.0,461.0,359.0,354.0,403.0,50.0,0.0,20.0,54.0,71.0,71.0,80.0,100.0,112.0,488.0,439.0,406.0,461.0,391.0,448.0,375.0,430.0,856.0,851.0,826.0,802.0,786.0,782.0,776.0,765.0,752.0,726.0,711.0,692.0,656.0,640.0,673.0,594.0,602.0,636.0,616.0,432.0,408.0,94.0,474.0,425.0,622.0
335.0,481.0,377.0,471.0,418.0,466.0,364.0,357.0,406.0,54.0,20.0,0.0,50.0,58.0,58.0,60.0,80.0,94.0,502.0,453.0,422.0,474.0,406.0,461.0,391.0,442.0,876.0,871.0,846.0,822.0,806.0,802.0,796.0,784.0,772.0,742.0,726.0,708.0,672.0,656.0,688.0,610.0,617.0,651.0,630.0,437.0,412.0,78.0,488.0,440.0,642.0
324.0,435.0,331.0,424.0,370.0,418.0,316.0,308.0,357.0,102.0,54.0,50.0,0.0,104.0,30.0,78.0,94.0,80.0,538.0,488.0,453.0,512.0,439.0,500.0,424.0,483.0,883.0,876.0,853.0,826.0,814.0,806.0,804.0,796.0,776.0,713.0,696.0,680.0,644.0,627.0,656.0,583.0,586.0,617.0,598.0,389.0,364.0,60.0,525.0,474.0,648.0
381.0,539.0,435.0,528.0,474.0,522.0,421.0,412.0,461.0,50.0,71.0,58.0,104.0,0.0,100.0,58.0,71.0,112.0,492.0,447.0,421.0,461.0,403.0,446.0,386.0,424.0,901.0,900.0,871.0,850.0,832.0,830.0,822.0,806.0,800.0,796.0,781.0,762.0,726.0,711.0,743.0,664.0,673.0,707.0,686.0,493.0,468.0,104.0,476.0,436.0,670.0
354.0,447.0,345.0,435.0,381.0,427.0,327.0,316.0,364.0,112.0,71.0,58.0,30.0,100.0,0.0,58.0,71.0,50.0,559.0,509.0,476.0,532.0,461.0,519.0,446.0,500.0,912.0,906.0,883.0,856.0,843.0,836.0,834.0,825.0,806.0,738.0,721.0,705.0,669.0,652.0,680.0,609.0,610.0,640.0,622.0,399.0,373.0,30.0,545.0,496.0,677.0
393.0,505.0,403.0,492.0,439.0,485.0,385.0,373.0,421.0,94.0,80.0,60.0,78.0,58.0,58.0,0.0,20.0,54.0,547.0,500.0,472.0,517.0,455.0,502.0,438.0,481.0,935.0,931.0,906.0,881.0,866.0,861.0,856.0,843.0,832.0,791.0,774.0,757.0,721.0,705.0,734.0,660.0,664.0,695.0,676.0,457.0,431.0,50.0,532.0,488.0,702.0
412.0,515.0,413.0,501.0,447.0,492.0,394.0,381.0,427.0,112.0,100.0,80.0,94.0,71.0,71.0,20.0,0.0,50.0,562.0,516.0,489.0,532.0,472.0,517.0,455.0,495.0,955.0,951.0,925.0,901.0,886.0,881.0,876.0,863.0,851.0,807.0,791.0,774.0,738.0,721.0,750.0,677.0,680.0,711.0,692.0,465.0,439.0,54.0,547.0,505.0,722.0
403.0,472.0,372.0,457.0,403.0,447.0,350.0,335.0,381.0,141.0,112.0,94.0,80.0,112.0,50.0,54.0,50.0,0.0,595.0,547.0,516.0,566.0,500.0,552.0,484.0,532.0,962.0,955.0,932.0,906.0,893.0,886.0,883.0,873.0,856.0,780.0,763.0,748.0,712.0,695.0,721.0,653.0,652.0,680.0,663.0,421.0,394.0,20.0,580.0,534.0,727.0
452.0,822.0,734.0,830.0,787.0,835.0,747.0,758.0,804.0,453.0,488.0,502.0,538.0,492.0,559.0,547.0,562.0,595.0,0.0,54.0,102.0,40.0,108.0,60.0,117.0,90.0,568.0,592.0,541.0,549.0,506.0,533.0,497.0,456.0,508.0,832.0,827.0,798.0,771.0,767.0,816.0,714.0,758.0,808.0,778.0,807.0,794.0,580.0,20.0,73.0,410.0
400.0,769.0,680.0,776.0,734.0,782.0,693.0,704.0,750.0,406.0,439.0,453.0,488.0,447.0,509.0,500.0,516.0,547.0,54.0,0.0,50.0,54.0,54.0,64.0,64.0,86.0,566.0,586.0,539.0,541.0,502.0,524.0,492.0,455.0,497.0,791.0,784.0,756.0,728.0,723.0,771.0,669.0,712.0,761.0,732.0,753.0,740.0,532.0,50.0,20.0,391.0
351.0,720.0,632.0,728.0,686.0,734.0,646.0,658.0,704.0,377.0,406.0,422.0,453.0,421.0,476.0,472.0,489.0,516.0,102.0,50.0,0.0,102.0,20.0,108.0,40.0,122.0,551.0,566.0,522.0,520.0,484.0,502.0,474.0,441.0,474.0,743.0,737.0,708.0,680.0,674.0,723.0,621.0,663.0,712.0,682.0,705.0,693.0,500.0,100.0,30.0,361.0
450.0,814.0,723.0,820.0,776.0,825.0,734.0,743.0,791.0,424.0,461.0,474.0,512.0,461.0,532.0,517.0,532.0,566.0,40.0,54.0,102.0,0.0,100.0,20.0,102.0,50.0,604.0,626.0,577.0,583.0,541.0,566.0,532.0,492.0,541.0,844.0,838.0,810.0,782.0,776.0,825.0,723.0,765.0,814.0,784.0,796.0,782.0,552.0,20.0,73.0,439.0
350.0,716.0,626.0,723.0,680.0,728.0,639.0,650.0,696.0,361.0,391.0,406.0,439.0,403.0,461.0,455.0,472.0,500.0,108.0,54.0,20.0,100.0,0.0,102.0,20.0,112.0,570.0,585.0,541.0,539.0,503.0,520.0,493.0,461.0,492.0,750.0,743.0,715.0,686.0,680.0,728.0,626.0,667.0,716.0,687.0,699.0,686.0,484.0,102.0,36.0,377.0
450.0,810.0,718.0,816.0,771.0,820.0,728.0,737.0,784.0,410.0,448.0,461.0,500.0,446.0,519.0,502.0,517.0,552.0,60.0,64.0,108.0,20.0,102.0,0.0,100.0,30.0,622.0,644.0,595.0,600.0,559.0,583.0,550.0,511.0,558.0,851.0,844.0,816.0,787.0,782.0,830.0,728.0,769.0,818.0,789.0,791.0,776.0,538.0,40.0,81.0,453.0
351.0,712.0,621.0,718.0,674.0,723.0,632.0,643.0,689.0,344.0,375.0,391.0,424.0,386.0,446.0,438.0,455.0,484.0,117.0,64.0,40.0,102.0,20.0,100.0,0.0,104.0,589.0,604.0,560.0,557.0,522.0,539.0,512.0,481.0,511.0,758.0,750.0,722.0,693.0,686.0,734.0,632.0,672.0,720.0,691.0,694.0,680.0,469.0,108.0,50.0,394.0
453.0,806.0,712.0,810.0,765.0,814.0,720.0,728.0,776.0,391.0,430.0,442.0,483.0,424.0,500.0,481.0,495.0,532.0,90.0,86.0,122.0,50.0,112.0,30.0,104.0,0.0,650.0,671.0,622.0,626.0,586.0,609.0,577.0,539.0,583.0,862.0,854.0,826.0,797.0,791.0,838.0,737.0,776.0,825.0,796.0,784.0,769.0,519.0,70.0,99.0,476.0
585.0,890.0,858.0,914.0,901.0,930.0,892.0,918.0,943.0,851.0,856.0,876.0,883.0,901.0,912.0,935.0,955.0,962.0,568.0,566.0,551.0,604.0,570.0,622.0,589.0,650.0,0.0,50.0,30.0,71.0,70.0,86.0,80.0,112.0,112.0,617.0,626.0,600.0,599.0,610.0,652.0,583.0,640.0,680.0,656.0,913.0,918.0,942.0,586.0,560.0,235.0
570.0,860.0,832.0,885.0,875.0,901.0,868.0,894.0,918.0,850.0,851.0,871.0,876.0,900.0,906.0,931.0,951.0,955.0,592.0,586.0,566.0,626.0,585.0,644.0,604.0,671.0,50.0,0.0,58.0,50.0,86.0,70.0,94.0,141.0,100.0,573.0,583.0,558.0,558.0,570.0,610.0,545.0,602.0,640.0,617.0,885.0,892.0,935.0,609.0,578.0,230.0
557.0,867.0,832.0,890.0,877.0,906.0,866.0,892.0,918.0,822.0,826.0,846.0,853.0,871.0,883.0,906.0,925.0,932.0,541.0,539.0,522.0,577.0,541.0,595.0,560.0,622.0,30.0,58.0,0.0,54.0,40.0,64.0,50.0,86.0,86.0,604.0,613.0,586.0,583.0,594.0,636.0,564.0,622.0,663.0,638.0,888.0,893.0,912.0,559.0,531.0,206.0
522.0,820.0,789.0,844.0,832.0,860.0,824.0,850.0,875.0,800.0,802.0,822.0,826.0,850.0,856.0,881.0,901.0,906.0,549.0,541.0,520.0,583.0,539.0,600.0,557.0,626.0,71.0,50.0,54.0,0.0,54.0,20.0,58.0,112.0,50.0,550.0,559.0,532.0,530.0,541.0,583.0,512.0,570.0,610.0,586.0,843.0,849.0,886.0,566.0,532.0,180.0
520.0,836.0,799.0,859.0,844.0,875.0,832.0,858.0,885.0,782.0,786.0,806.0,814.0,832.0,843.0,866.0,886.0,893.0,506.0,502.0,484.0,541.0,503.0,559.0,522.0,586.0,70.0,86.0,40.0,54.0,0.0,50.0,10.0,58.0,58.0,589.0,596.0,569.0,564.0,573.0,617.0,541.0,599.0,641.0,616.0,856.0,860.0,873.0,524.0,494.0,168.0
503.0,804.0,772.0,828.0,815.0,844.0,806.0,832.0,858.0,780.0,782.0,802.0,806.0,830.0,836.0,861.0,881.0,886.0,533.0,524.0,502.0,566.0,520.0,583.0,539.0,609.0,86.0,70.0,64.0,20.0,50.0,0.0,51.0,104.0,30.0,542.0,550.0,523.0,520.0,530.0,573.0,500.0,558.0,599.0,574.0,827.0,832.0,866.0,549.0,514.0,160.0
511.0,829.0,791.0,851.0,836.0,867.0,824.0,849.0,877.0,772.0,776.0,796.0,804.0,822.0,834.0,856.0,876.0,883.0,497.0,492.0,474.0,532.0,493.0,550.0,512.0,577.0,80.0,94.0,50.0,58.0,10.0,51.0,0.0,54.0,54.0,585.0,592.0,565.0,559.0,568.0,613.0,535.0,594.0,636.0,611.0,848.0,852.0,863.0,515.0,485.0,158.0
515.0,849.0,804.0,870.0,851.0,885.0,836.0,860.0,890.0,757.0,765.0,784.0,796.0,806.0,825.0,843.0,863.0,873.0,456.0,455.0,441.0,492.0,461.0,511.0,481.0,539.0,112.0,141.0,86.0,112.0,58.0,104.0,54.0,0.0,100.0,626.0,632.0,604.0,596.0,604.0,650.0,568.0,626.0,671.0,644.0,865.0,867.0,854.0,474.0,449.0,164.0
474.0,781.0,746.0,804.0,791.0,820.0,780.0,806.0,832.0,750.0,752.0,772.0,776.0,800.0,806.0,832.0,851.0,856.0,508.0,497.0,474.0,541.0,492.0,558.0,511.0,583.0,112.0,100.0,86.0,50.0,58.0,30.0,54.0,100.0,0.0,531.0,539.0,511.0,505.0,515.0,559.0,483.0,541.0,583.0,558.0,802.0,807.0,836.0,524.0,488.0,130.0
442.0,420.0,461.0,450.0,473.0,470.0,500.0,530.0,522.0,758.0,726.0,742.0,713.0,796.0,738.0,791.0,807.0,780.0,832.0,791.0,743.0,844.0,750.0,851.0,758.0,862.0,617.0,573.0,604.0,550.0,589.0,542.0,585.0,626.0,531.0,0.0,20.0,36.0,71.0,86.0,70.0,135.0,130.0,120.0,124.0,471.0,493.0,763.0,838.0,772.0,502.0
430.0,400.0,441.0,430.0,453.0,450.0,481.0,510.0,502.0,743.0,711.0,726.0,696.0,781.0,721.0,774.0,791.0,763.0,827.0,784.0,737.0,838.0,743.0,844.0,750.0,854.0,626.0,583.0,613.0,559.0,596.0,550.0,592.0,632.0,539.0,20.0,0.0,30.0,58.0,71.0,50.0,122.0,112.0,100.0,104.0,451.0,473.0,746.0,832.0,765.0,505.0
406.0,401.0,436.0,431.0,450.0,451.0,475.0,505.0,500.0,723.0,692.0,708.0,680.0,762.0,705.0,757.0,774.0,748.0,798.0,756.0,708.0,810.0,715.0,816.0,722.0,826.0,600.0,558.0,586.0,532.0,569.0,523.0,565.0,604.0,511.0,36.0,30.0,0.0,36.0,54.0,58.0,99.0,102.0,104.0,100.0,450.0,470.0,731.0,804.0,737.0,475.0
372.0,373.0,403.0,403.0,420.0,423.0,443.0,473.0,470.0,688.0,656.0,672.0,644.0,726.0,669.0,721.0,738.0,712.0,771.0,728.0,680.0,782.0,686.0,787.0,693.0,797.0,599.0,558.0,583.0,530.0,564.0,520.0,559.0,596.0,505.0,71.0,58.0,36.0,0.0,20.0,54.0,64.0,70.0,86.0,73.0,420.0,440.0,695.0,776.0,709.0,461.0
361.0,354.0,383.0,383.0,400.0,403.0,423.0,453.0,450.0,673.0,640.0,656.0,627.0,711.0,652.0,705.0,721.0,695.0,767.0,723.0,674.0,776.0,680.0,782.0,686.0,791.0,610.0,570.0,594.0,541.0,573.0,530.0,568.0,604.0,515.0,86.0,71.0,54.0,20.0,0.0,50.0,54.0,50.0,71.0,54.0,400.0,420.0,677.0,771.0,703.0,466.0
403.0,350.0,393.0,380.0,403.0,400.0,432.0,461.0,453.0,707.0,673.0,688.0,656.0,743.0,680.0,734.0,750.0,721.0,816.0,771.0,723.0,825.0,728.0,830.0,734.0,838.0,652.0,610.0,636.0,583.0,617.0,573.0,613.0,650.0,559.0,70.0,50.0,58.0,54.0,50.0,0.0,102.0,71.0,50.0,58.0,401.0,423.0,705.0,820.0,752.0,514.0
308.0,345.0,360.0,374.0,383.0,393.0,400.0,430.0,433.0,625.0,594.0,610.0,583.0,664.0,609.0,660.0,677.0,653.0,714.0,669.0,621.0,723.0,626.0,728.0,632.0,737.0,583.0,545.0,564.0,512.0,541.0,500.0,535.0,568.0,483.0,135.0,122.0,99.0,64.0,54.0,102.0,0.0,58.0,104.0,76.0,386.0,403.0,635.0,718.0,650.0,424.0
335.0,304.0,334.0,334.0,350.0,354.0,373.0,403.0,400.0,636.0,602.0,617.0,586.0,673.0,610.0,664.0,680.0,652.0,758.0,712.0,663.0,765.0,667.0,769.0,672.0,776.0,640.0,602.0,622.0,570.0,599.0,558.0,594.0,626.0,541.0,130.0,112.0,102.0,70.0,50.0,71.0,58.0,0.0,50.0,20.0,351.0,370.0,635.0,761.0,692.0,481.0
381.0,300.0,345.0,330.0,354.0,350.0,383.0,412.0,403.0,673.0,636.0,651.0,617.0,707.0,640.0,695.0,711.0,680.0,808.0,761.0,712.0,814.0,716.0,818.0,720.0,825.0,680.0,640.0,663.0,610.0,641.0,599.0,636.0,671.0,583.0,120.0,100.0,104.0,86.0,71.0,50.0,104.0,50.0,0.0,30.0,351.0,373.0,664.0,810.0,741.0,528.0
353.0,301.0,337.0,331.0,351.0,351.0,377.0,406.0,400.0,651.0,616.0,630.0,598.0,686.0,622.0,676.0,692.0,663.0,778.0,732.0,682.0,784.0,687.0,789.0,691.0,796.0,656.0,617.0,638.0,586.0,616.0,574.0,611.0,644.0,558.0,124.0,104.0,100.0,73.0,54.0,58.0,76.0,20.0,30.0,0.0,350.0,371.0,646.0,781.0,712.0,500.0
377.0,58.0,73.0,36.0,20.0,30.0,73.0,86.0,54.0,481.0,432.0,437.0,389.0,493.0,399.0,457.0,465.0,421.0,807.0,753.0,705.0,796.0,699.0,791.0,694.0,784.0,913.0,885.0,888.0,843.0,856.0,827.0,848.0,865.0,802.0,471.0,451.0,450.0,420.0,400.0,401.0,386.0,351.0,351.0,350.0,0.0,28.0,411.0,801.0,734.0,701.0
372.0,86.0,64.0,64.0,20.0,54.0,50.0,58.0,30.0,457.0,408.0,412.0,364.0,468.0,373.0,431.0,439.0,394.0,794.0,740.0,693.0,782.0,686.0,776.0,680.0,769.0,918.0,892.0,893.0,849.0,860.0,832.0,852.0,867.0,807.0,493.0,473.0,470.0,440.0,420.0,423.0,403.0,370.0,373.0,371.0,28.0,0.0,385.0,787.0,721.0,703.0
383.0,461.0,361.0,447.0,394.0,439.0,340.0,327.0,373.0,128.0,94.0,78.0,60.0,104.0,30.0,50.0,54.0,20.0,580.0,532.0,500.0,552.0,484.0,538.0,469.0,519.0,942.0,935.0,912.0,886.0,873.0,866.0,863.0,854.0,836.0,763.0,746.0,731.0,695.0,677.0,705.0,635.0,635.0,664.0,646.0,411.0,385.0,0.0,566.0,519.0,707.0
450.0,818.0,728.0,825.0,782.0,830.0,740.0,750.0,797.0,439.0,474.0,488.0,525.0,476.0,545.0,532.0,547.0,580.0,20.0,50.0,100.0,20.0,102.0,40.0,108.0,70.0,586.0,609.0,559.0,566.0,524.0,549.0,515.0,474.0,524.0,838.0,832.0,804.0,776.0,771.0,820.0,718.0,761.0,810.0,781.0,801.0,787.0,566.0,0.0,70.0,424.0
381.0,750.0,661.0,757.0,715.0,762.0,674.0,685.0,732.0,394.0,425.0,440.0,474.0,436.0,496.0,488.0,505.0,534.0,73.0,20.0,30.0,73.0,36.0,81.0,50.0,99.0,560.0,578.0,531.0,532.0,494.0,514.0,485.0,449.0,488.0,772.0,765.0,737.0,709.0,703.0,752.0,650.0,692.0,741.0,712.0,734.0,721.0,519.0,70.0,0.0,378.0
353.0,686.0,640.0,707.0,688.0,721.0,672.0,696.0,726.0,620.0,622.0,642.0,648.0,670.0,677.0,702.0,722.0,727.0,410.0,391.0,361.0,439.0,377.0,453.0,394.0,476.0,235.0,230.0,206.0,180.0,168.0,160.0,158.0,164.0,130.0,502.0,505.0,475.0,461.0,466.0,514.0,424.0,481.0,528.0,500.0,701.0,703.0,707.0,424.0,378.0,0.0
1,20
2,30
3,10
4,40
5,20
6,20
7,-160
8,-160
9,-160
10,30
11,40
12,20
13,-120
14,-120
15,20
16,20
17,20
18,20
19,40
20,10
21,10
22,40
23,30
24,10
25,20
26,30
27,20
28,10
29,10
30,10
31,-160
32,10
33,10
34,30
35,20
36,40
37,10
38,30
39,10
40,30
41,20
42,10
43,20
44,10
45,10
46,10
47,10
48,10
49,10
50,30
